77
9548234242 4.0740729 -73.5842602
12755093050 4.0750674 -73.5856133
12755093054 4.073454 -73.5846885
12755093053 4.0735377 -73.5847085
11851140176 4.0746298 -73.5854641
12832528494 4.0740265 -73.5856053
12832528497 4.0739292 -73.5855994
12832512634 4.0744573 -73.5857434
12832512637 4.0745597 -73.5857534
12832512638 4.0745278 -73.5857505
12832512641 4.074429 -73.5857404
12832512642 4.0744073 -73.5857386
11391049861 4.0737397 -73.5848044
11391049862 4.073689 -73.5848812
12832512646 4.0742027 -73.5857305
11391049865 4.0737069 -73.5846872
11391049866 4.0738313 -73.5855935
12832512649 4.0740989 -73.5857279
11391049868 4.0737444 -73.5857951
9839287439 4.073518 -73.5850737
12839213212 4.0745481 -73.5859767
11206731946 4.0750613 -73.5849526
11206731950 4.0746159 -73.5849009
11206731951 4.0744567 -73.5848916
11206731952 4.0740407 -73.5848306
11206731953 4.0740902 -73.5848513
11206731954 4.0740171 -73.5857244
11206731955 4.0743873 -73.5857372
11206731961 4.0746781 -73.5852964
11206731962 4.0750256 -73.5856156
11206731959 4.0740754 -73.5852604
11206731960 4.0744196 -73.5852862
12843492540 4.0747067 -73.5857603
12843492537 4.0746244 -73.5854609
1242649299 4.0735325 -73.5847681
626243328 4.0751459 -73.5856886
12843505411 4.0733368 -73.5852333
12843505414 4.0734539 -73.5857833
1242657539 4.0745114 -73.5863762
9853250841 4.075062 -73.5854542
12832500507 4.0742229 -73.5846915
12832500508 4.0740495 -73.5846733
12832500509 4.0741195 -73.5846807
12832500510 4.074106 -73.584853
12832500511 4.0742269 -73.584592
12832500516 4.0741297 -73.5845889
12832500517 4.0740544 -73.5845857
12839112486 4.0746145 -73.5857564
11315887404 4.074683 -73.5841972
11315887410 4.0742155 -73.5848651
11315887411 4.0742411 -73.5842661
11315887416 4.0746817 -73.5846819
11315887419 4.0744374 -73.5851113
11315887420 4.0744983 -73.5851176
12843492532 4.0745518 -73.585419
12832512645 4.0742873 -73.5857336
12840862063 4.0725784 -73.5849216
12840862071 4.0731631 -73.5852063
12840862084 4.0735134 -73.5852385
12840862096 4.0735113 -73.5853118
12840862098 4.0734849 -73.5858494
12840862100 4.0735162 -73.5851425
1229942677 4.0735892 -73.5842957
12839152043 4.0739959 -73.585255
12839152046 4.0740008 -73.5856037
12839152047 4.0738935 -73.585248
12839152050 4.0738579 -73.5855951
1242656712 4.0740362 -73.5856059
1242656715 4.0735041 -73.5855702
12865237470 4.074955 -73.584322
12865237471 4.0749056 -73.5848725
12865237472 4.0746188 -73.5848589
12865237473 4.0749047 -73.5848431
12840905204 4.0734911 -73.5857599
11315887414 4.0746316 -73.5846749
12840905212 4.0735804 -73.5855756
11315887415 4.0745849 -73.5846692
236
9548234242 12832500517 36.16109877926164
12832500517 9548234242 36.16109877926164
12755093050 626243328 12.080774229753276
626243328 12755093050 12.080774229753276
12755093050 11206731962 4.654949851577439
11206731962 12755093050 4.654949851577439
12755093050 9853250841 127.85628127830226
9853250841 12755093050 127.85628127830226
12755093054 12755093053 9.567735443637284
12755093053 12755093054 9.567735443637284
12755093053 1242649299 6.635724454650357
1242649299 12755093053 6.635724454650357
12755093053 1229942677 46.37906465567491
1229942677 12755093053 46.37906465567491
11851140176 12843492537 0.6975069959830565
12843492537 11851140176 0.6975069959830565
11851140176 11851140176 83.78381011761887
11851140176 11851140176 83.78381011761887
11851140176 11851140176 83.78381011761888
11851140176 11851140176 83.78381011761888
12832528494 1242656712 1.080643361021514
1242656712 12832528494 1.080643361021514
12832528494 12839152046 2.863218517417778
12839152046 12832528494 2.863218517417778
12832528494 11206731954 13.251157511766264
11206731954 12832528494 13.251157511766264
12832528497 12839152046 7.975840257291624
12839152046 12832528497 7.975840257291624
12832528497 12839152050 7.942541678183596
12839152050 12832528497 7.942541678183596
12832528497 11206731954 77.04840656432887
11206731954 12832528497 77.04840656432887
12832512634 12832512641 3.164363903683769
12832512641 12832512634 3.164363903683769
12832512634 12832512638 7.878707629387732
12832512638 12832512634 7.878707629387732
12832512634 12839213212 63.779098557520264
12839213212 12832512634 63.779098557520264
12832512637 12832512638 3.5616768464026216
12832512638 12832512637 3.5616768464026216
12832512637 12839112486 6.104043468455984
12839112486 12832512637 6.104043468455984
12832512637 12839213212 24.800796454922732
12839213212 12832512637 24.800796454922732
12832512638 12843492532 36.86472344736834
12843492532 12832512638 36.86472344736834
12832512641 12832512642 2.421424227580734
12832512642 12832512641 2.421424227580734
12832512641 12843492532 69.7521804006604
12843492532 12832512641 69.7521804006604
12832512642 11206731955 2.2293161361591394
11206731955 12832512642 2.2293161361591394
12832512642 12832512645 99.21172025185713
12832512645 12832512642 99.21172025185713
11391049861 1242649299 23.388764585764665
1242649299 11391049861 23.388764585764665
11391049861 11206731952 33.59563536889332
11206731952 11391049861 33.59563536889332
11391049861 11391049862 14.042490772433275
11391049862 11391049861 14.042490772433275
11391049861 11391049865 16.864111615238272
11391049865 11391049861 16.864111615238272
11391049862 11391049862 132.6906162615588
11391049862 11391049862 132.6906162615588
11391049862 11391049862 132.6906162615588
11391049862 11391049862 132.6906162615588
12832512646 12832512649 11.545651654952335
12832512649 12832512646 11.545651654952335
12832512646 12832512649 101.6171986567177
12832512649 12832512646 101.6171986567177
12832512646 12832512649 84.59301002776172
12832512649 12832512646 84.59301002776172
12832512646 12832512645 9.413385617987489
12832512645 12832512646 9.413385617987489
11391049865 11391049865 142.69450534332645
11391049865 11391049865 142.69450534332645
11391049865 11391049865 142.69450534332643
11391049865 11391049865 142.69450534332643
11391049866 12839152050 2.9631081803768335
12839152050 11391049866 2.9631081803768335
11391049866 12840905212 27.969399414982778
12840905212 11391049866 27.969399414982778
11391049866 11391049868 30.774586004474607
11391049868 11391049866 30.774586004474607
12832512649 1242656712 15.222019104072533
1242656712 12832512649 15.222019104072533
12832512649 11206731954 9.108298753326158
11206731954 12832512649 9.108298753326158
11391049868 11391049868 103.82218027162762
11391049868 11391049868 103.82218027162762
11391049868 11391049868 103.82218027162763
11391049868 11391049868 103.82218027162763
9839287439 12840862100 7.63351962200339
12840862100 9839287439 7.63351962200339
9839287439 1242649299 33.93369812221423
1242649299 9839287439 33.93369812221423
9839287439 12839152047 58.93121702283557
12839152047 9839287439 58.93121702283557
12839213212 12839112486 31.24358277700894
12839112486 12839213212 31.24358277700894
11206731946 12865237471 30.619914564005292
12865237471 11206731946 30.619914564005292
11206731950 12865237472 4.6695365619062414
12865237472 11206731950 4.6695365619062414
11206731950 11206731951 17.732284338054306
11206731951 11206731950 17.732284338054306
11206731950 12865237471 32.54980589732035
12865237471 11206731950 32.54980589732035
11206731950 11206731961 47.81488979523483
11206731961 11206731950 47.81488979523483
11206731951 11315887410 26.980827724142745
11315887410 11206731951 26.980827724142745
11206731951 11315887419 24.462134968028035
11315887419 11206731951 24.462134968028035
11206731952 11206731953 5.963807295508134
11206731953 11206731952 5.963807295508134
11206731952 12832500508 17.474207042894644
12832500508 11206731952 17.474207042894644
11206731953 12832500510 1.7669714463425044
12832500510 11206731953 1.7669714463425044
11206731953 11206731959 45.4047903542752
11206731959 11206731953 45.4047903542752
11206731955 12832512645 11.1266751297933
12832512645 11206731955 11.1266751297933
11206731955 11206731960 50.15321753999656
11206731960 11206731955 50.15321753999656
11206731961 11206731960 28.766184220024996
11206731960 11206731961 28.766184220024996
11206731961 11206731962 52.40703523631652
11206731962 11206731961 52.40703523631652
11206731962 12843492540 39.0062287043599
12843492540 11206731962 39.0062287043599
11206731959 12839152043 8.860275751566675
12839152043 11206731959 8.860275751566675
11206731959 1242656712 38.56797336358899
1242656712 11206731959 38.56797336358899
11206731959 11206731960 38.39162105598669
11206731960 11206731959 38.39162105598669
11206731960 11315887419 19.49957855818134
11315887419 11206731960 19.49957855818134
12843492540 12839112486 10.2613081387528
12839112486 12843492540 10.2613081387528
12843492540 12843492537 46.57991275626493
12843492537 12843492540 46.57991275626493
12843492537 12843492532 9.314874113086097
12843492532 12843492537 9.314874113086097
12843492537 12839112486 32.79357539895772
12839112486 12843492537 32.79357539895772
1242649299 12840862063 114.0140723517598
12840862063 1242649299 114.0140723517598
12843505411 12840862084 19.645519788261478
12840862084 12843505411 19.645519788261478
12843505411 12840862071 21.72976130346433
12840862071 12843505411 21.72976130346433
12843505411 12843505414 70.12275430430108
12843505414 12843505411 70.12275430430108
12843505414 12840862098 8.101355695590298
12840862098 12843505414 8.101355695590298
12843505414 12840862096 59.01164511850181
12840862096 12843505414 59.01164511850181
1242657539 12840862098 140.9636384289225
12840862098 1242657539 140.9636384289225
12832500507 11315887410 19.2722578133227
11315887410 12832500507 19.2722578133227
12832500507 12832500509 11.55980326801546
12832500509 12832500507 11.55980326801546
12832500507 12832500516 15.391529744401597
12832500516 12832500507 15.391529744401597
12832500507 12832500511 11.044989123178077
12832500511 12832500507 11.044989123178077
12832500508 12832500509 7.82680986165159
12832500509 12832500508 7.82680986165159
12832500508 12832500516 12.929002080199812
12832500516 12832500508 12.929002080199812
12832500508 12832500517 9.731345320062257
12832500517 12832500508 9.731345320062257
12832500509 12832500510 19.16936457938139
12832500510 12832500509 19.16936457938139
12832500510 11315887410 12.249601363517888
11315887410 12832500510 12.249601363517888
12832500511 11315887411 36.181367042321796
11315887411 12832500511 36.181367042321796
12832500511 12832500516 10.81362984319876
12832500516 12832500511 10.81362984319876
12832500516 12832500517 8.380508940108887
12832500517 12832500516 8.380508940108887
11315887404 11315887414 53.371698894144764
11315887414 11315887404 53.371698894144764
11315887416 11315887414 5.6247157940185755
11315887414 11315887416 5.6247157940185755
11315887416 11315887416 88.46159276925671
11315887416 11315887416 88.46159276925671
11315887416 11315887416 88.46159276925671
11315887416 11315887416 88.46159276925671
11315887419 11315887420 6.807736472768511
11315887420 11315887419 6.807736472768511
11315887420 11315887420 86.87370176999158
11315887420 11315887420 86.87370176999158
11315887420 11315887420 86.8737017699916
11315887420 11315887420 86.8737017699916
12840862084 12840862100 10.65231174586655
12840862100 12840862084 10.65231174586655
12840862084 12840862096 8.133361751592105
12840862096 12840862084 8.133361751592105
12840862096 1242656715 28.671402950460553
1242656715 12840862096 28.671402950460553
12840862098 12840905204 9.950729619765626
12840905204 12840862098 9.950729619765626
12840862100 12840905212 51.956756176276656
12840905212 12840862100 51.956756176276656
12839152043 12839152047 11.412815891731062
12839152047 12839152043 11.412815891731062
12839152043 12839152046 41.83043923234389
12839152046 12839152043 41.83043923234389
12839152047 12839152050 41.67640053563875
12839152050 12839152047 41.67640053563875
1242656715 12840905212 8.505299416925345
12840905212 1242656715 8.505299416925345
1242656715 12840905204 21.090019053771666
12840905204 1242656715 21.090019053771666
12865237470 12865237473 58.88515120614717
12865237473 12865237470 58.88515120614717
12865237471 12865237473 3.2624063846302365
12865237473 12865237471 3.2624063846302365
12865237472 11315887414 20.457751173258107
11315887414 12865237472 20.457751173258107
12865237472 12865237473 31.838938918439556
12865237473 12865237472 31.838938918439556
12840905204 12840905212 24.419202011267988
12840905212 12840905204 24.419202011267988
11315887414 11315887415 5.231153730811183
11315887415 11315887414 5.231153730811183
11315887415 11315887415 98.91473996170537
11315887415 11315887415 98.91473996170537
11315887415 11315887415 98.91473996170537
11315887415 11315887415 98.91473996170537
